"","Enrichment.FDR","nGenes","Pathway.Genes","Fold.Enrichment","Pathway","URL","Genes","cluster"
"1",0.000453051104041195,4,9,32.0615027560197,"GO:0090069 Reg. of ribosome biogenesis ","https://amigo.geneontology.org/amigo/term/GO:0090069"," AT1G67620  FZF  OLI2  AT5G14520","1"
"2",6.4633081818197e-07,8,28,20.6109660574413,"GO:0006270 Dna replication initiation ","https://amigo.geneontology.org/amigo/term/GO:0006270"," ORC6  MCM2  MCM5  CDT1A  ORC1B  ORC3  MCM6  PSF1","1"
"3",0.000414466632333414,5,18,20.0384392225123,"GO:0006268 Dna unwinding involved in dna replication ","https://amigo.geneontology.org/amigo/term/GO:0006268"," MCM2  RPA1A  RPA70B  MCM6  MCM5","1"
"4",0.000988816290126159,5,22,16.395086636601,"GO:0000103 Sulfate assimilation ","https://amigo.geneontology.org/amigo/term/GO:0000103"," APS1  AKN2  SIR  SAL1  APR1","1"
"5",3.3067756633937e-05,8,47,12.2788733959224,"GO:0000470 Maturation of lsu-rrna ","https://amigo.geneontology.org/amigo/term/GO:0000470"," AT1G06380  AT3G58660  MEE49  AT4G25730  AT5G14520  AT5G20160  AT5G48240  OLI2","1"
"6",3.20775326641492e-08,14,101,9.999379572422,"GO:0042273 Ribosomal large subunit biogenesis ","https://amigo.geneontology.org/amigo/term/GO:0042273"," AT1G06380  AT1G13160  SAC52  AT2G18220  AT2G20450  FZF  AT3G58660  MEE49  AT4G25730  AT5G14520  AT5G20160  AT5G48240  OLI2  PPAN","1"
"7",0.00164524645080169,7,60,8.41614447345518,"GO:0009404 Toxin metabolic proc. ","https://amigo.geneontology.org/amigo/term/GO:0009404"," GSTU7  GSTU6  GSTU5  WES1  GGP1  CYP79B3  GSTF10","1"
"8",2.00838757562526e-05,13,146,6.42328051790121,"GO:0006261 Dna-templated dna replication ","https://amigo.geneontology.org/amigo/term/GO:0006261"," ORC6  MCM2  PSF1  RPA1A  MCM5  PCNA2  CDT1A  ORC1B  RPA70B  ORC3  MCM6  AT3G20898  DA1","1"
"9",7.93443730590179e-06,15,184,5.8808462935634,"GO:0006260 Dna replication ","https://amigo.geneontology.org/amigo/term/GO:0006260"," ORC6  MCM2  PSF1  RPA1A  MCM5  RPA2  PCNA2  CDT1A  ORC1B  RPA70B  ORC3  MCM6  ORC2  AT3G20898  DA1","1"
"10",1.37796127887495e-08,23,301,5.51223510838545,"GO:0006364 Rrna processing ","https://amigo.geneontology.org/amigo/term/GO:0006364"," AT1G06380  AT1G31660  NFD3  FAS4  AT3G02560  AT3G21540  PMH1  AT3G58660  MEE49  AT4G25730  AT5G14520  AT5G15750  AT5G20160  AT5G20600  AT5G48240  OLI2  EMB2762  AT2G25870  EDA14  PPAN  FZF  AT1G18850  AT5G11240","1"
"11",6.88229287394572e-09,24,315,5.49625761531767,"GO:0016072 Rrna metabolic proc. ","https://amigo.geneontology.org/amigo/term/GO:0016072"," AT1G06380  AT1G31660  NFD3  FAS4  AT3G02560  AT3G13940  AT3G21540  PMH1  AT3G58660  MEE49  AT4G25730  AT5G14520  AT5G15750  AT5G20160  AT5G20600  AT5G48240  OLI2  EMB2762  AT2G25870  EDA14  PPAN  FZF  AT1G18850  AT5G11240","1"
"12",5.2376462795925e-11,31,416,5.37569667603937,"GO:0042254 Ribosome biogenesis ","https://amigo.geneontology.org/amigo/term/GO:0042254"," AT1G06380  AT1G13160  SAC52  AT1G31660  NFD3  FAS4  AT1G67620  AT2G18220  AT2G20450  FZF  AT3G02560  XPO1B  AT3G21540  PMH1  AT3G58660  MEE49  AT4G25730  AT5G14520  AT5G15750  RAN2  AT5G20160  AT5G20600  AT5G48240  OLI2  PPAN  NRPA2  EMB2762  AT2G25870  EDA14  AT1G18850  AT5G11240","1"
"13",0.000804479914794237,12,179,4.83609259448342,"GO:0044272 Sulfur compound biosynthetic proc. ","https://amigo.geneontology.org/amigo/term/GO:0044272"," IAR4  AT1G14810  SERAT2;1  APS1  APR1  AKN2  MYC2  UGT74B1  SUR1  WES1  GGP1  CYP79B3","1"
"14",9.81402562531023e-10,32,516,4.4736980589795,"GO:0022613 Ribonucleoprotein complex biogenesis ","https://amigo.geneontology.org/amigo/term/GO:0022613"," AT1G06380  AT1G13160  SAC52  AT1G31660  NFD3  FAS4  AT1G67620  AT2G18220  AT2G20450  FZF  AT3G02560  XPO1B  AT3G21540  PMH1  AT3G58660  MEE49  AT4G25730  AT5G14520  AT5G15750  RAN2  AT5G20160  AT5G20600  AT5G48240  OLI2  PPAN  NRPA2  AT1G66070  EMB2762  AT2G25870  EDA14  AT1G18850  AT5G11240","1"
"15",0.000127490902572538,20,402,3.58897418910669,"GO:0006790 Sulfur compound metabolic proc. ","https://amigo.geneontology.org/amigo/term/GO:0006790"," IAR4  GSTU7  GSTU6  GSTU5  APS1  AKN2  SIR  SAL1  APR1  GGP1  AT1G14810  SERAT2;1  GSTF10  MYC2  UGT74B1  AT1G61730  SUR1  WES1  MYB73  CYP79B3","1"
"16",9.81402562531023e-10,57,1458,2.8202247794647,"GO:0044085 Cellular component biogenesis ","https://amigo.geneontology.org/amigo/term/GO:0044085"," AT1G06380  AT1G13160  SAC52  AT1G31660  NFD3  FAS4  AT1G44890  AT1G67620  AT2G18220  AT2G20450  FZF  CDT1A  AT3G02560  XPO1B  AT3G08980  AT3G13940  AT3G21540  PMH1  AT3G58660  MEE49  AT4G25730  ATG18B  AT5G14520  RGP2  AT5G15750  RAN2  AT5G20160  AT5G20600  AT5G48240  OLI2  NAP1;3  PPAN  MYC2  CINV1  FKBP53  MAP18  RUP1  NRPA2  XTH30  AT1G66070  EMB2762  AT2G25870  EDA14  XTH24  LON1  XTH20  AT1G06515  GAUT14  RPA1A  RABA1d  QRT3  RABA4B  RABA1c  RABA2D  AT1G18850  AT5G11240  ATL5","1"
"17",0.00254627161755876,26,769,2.43900898729149,"GO:0006412 Translation ","https://amigo.geneontology.org/amigo/term/GO:0006412"," NFD3  XW6  AT1G67620  AT3G57490  AT4G02930  AT4G10450  AT4G36130  AT4G39880  AT5G27770  SAC52  AT1G66070  AT2G05220  AT2G20450  EMB2785  AT2G32220  AT3G02560  AT3G04840  AT3G10610  AT3G16565  AT3G18760  AT3G59670  RPS6  LSP1  AT5G59850  GBF6  PPAN","1"
"18",1.16496135176168e-06,86,3325,1.86583482204205,"GO:0071840 Cellular component organization or biogenesis ","https://amigo.geneontology.org/amigo/term/GO:0071840"," PEX11C  AT1G06380  AT1G13160  SAC52  AT1G31660  NFD3  FAS4  AT1G44890  MCM2  AT1G67620  RPA1A  AT2G18220  AT2G18330  AT2G20450  FZF  CDT1A  AT3G02560  AT3G03060  XPO1B  AT3G08980  AT3G13940  AT3G20898  AT3G21540  PMH1  AT3G58660  MEE49  AT4G19410  AT4G25730  ATG18B  RPA70B  AT5G14520  RGP2  AT5G15750  AT5G16930  RAN2  AT5G20160  AT5G20600  MCM6  AT5G48240  MEMB12  OLI2  NAP1;3  PPAN  VPS20.1  AT5G64950  MYC2  CINV1  FKBP53  MAP18  RUP1  AT1G14020  NRPA2  XTH30  AT1G66070  MCM5  EMB2762  AT2G25870  GAUT13  EDA14  QRT3  XTH24  SDG4  GAUT14  LON1  XTH20  AT1G06515  UGD3  CTF18  UGT74B1  NP2  LZF1  SUR1  CYP79B3  NAI1  AT2G25790  MEE23  AT3G16800  FBL17  RABA1d  RABA4B  MIA40  RABA1c  RABA2D  AT1G18850  AT5G11240  ATL5","1"
"19",0.00293022274079878,83,3912,1.53054336392809,"GO:0006950 Response to stress ","https://amigo.geneontology.org/amigo/term/GO:0006950"," AT1G26270  ETR2  AT3G46080  AT3G56880  SUS1  EXL2  CSD1  CAT1  PDIL1-1  MCM2  HSFA8  TIFY7  DRS1  RPA1A  MCM5  TPS11  RPA2  PCNA2  AT3G22275  mtHsc70-1  RPA70B  MCM6  SUR1  AT3G21650  SAC52  AT1G63220  NIA1  PDF2.1  NATA1  LOX5  PBL1  AT4G16500  RHA3B  AT5G05600  AT5G21090  LON1  BRG1  AT5G46871  NAP1;3  OCT6  MYC2  CINV1  SERAT2;1  SULTR1;2  HSP91  GRP2B  CYP79B3  GSTU5  GSTF10  PDIL2-3  AT2G34810  CAX9  JR1  PMH1  ICE1  AT4G10390  CYP707A1  AT4G28140  SIR  MES5  NAC083  MAP18  CYP94B1  FZF  UGT71C5  AT1G20380  UGT74B1  CIPK16  AT2G28130  ELO1  AT3G16800  AT3G27550  FBL17  AT4G02550  GBF6  MYB73  AT5G21940  SOS3  LSP1  UBP21  MEMB12  CIPK21  MYB68","1"
"20",0.00293022274079878,96,4704,1.4722118612458,"GO:0010467 Gene expression ","https://amigo.geneontology.org/amigo/term/GO:0010467"," AT1G06380  PDIL1-1  AT1G31660  NFD3  MYC2  FAS4  XW6  AT1G67620  HSFA8  MGP3  LZF1  HSP91  AT3G02560  ALY2  AT3G08980  ELO1  AT3G13940  AT3G14740  AT3G21540  PMH1  ICE1  LBD38  AT3G57490  AT3G58660  MEE49  AT4G02930  AT4G10450  AT4G25730  SDG4  GBF6  AT4G36130  MYB73  mtHsc70-1  AT4G39880  AT5G07340  AT5G14520  AT5G15750  AT5G20160  AT5G20600  MIA40  AT5G25790  AT5G27770  AT5G36670  AT5G42060  AT5G48240  OLI2  AT4G15690  NAC083  AT1G01940  NAC003  NAC004  TRM82  SAC52  NRPA2  MYB50  ATRPAC42  AT1G61730  AT1G66070  AT1G75670  AT2G05220  MYB7  EMB2762  AT2G20450  AT2G25870  EMB2785  AT2G32220  UPB1  AT3G04840  AT3G10610  AT3G16565  GATA17  AT3G18760  AT3G22275  EDF3  CRF11  AT3G27550  OBP3  AT3G59670  EDA14  AT4G28140  RPS6  LSP1  AT5G48560  AT5G59850  PPAN  AT5G64710  AT5G64950  MYB68  CSD1  NAI1  FZF  ORC1B  AT1G18850  AT5G11240  SIR  AT3G46080","1"
"21",4.37935845489204e-19,59,267,4.18743802756842,"GO:0001666 Response to hypoxia ","https://amigo.geneontology.org/amigo/term/GO:0001666"," AT1G02360  MAPKKK13  AT1G14200  AlaAT1  TEM1  GA2OX2  AT1G50740  AT1G59860  FBS1  PERK9  AT1G72910  AT1G72920  AT1G72940  OPR1  AT1G78850  SERK4  HB1  HSFA2  AT2G32200  AT2G32210  HSPRO2  WRKY46  PI4K GAMMA 4  ERF71  GSTF8  LBD41  AT3G23170  WRKY70  WRKY22  BPS3  NUDT7  ACR7  SGT1A  AT4G24160  AT4G27280  CBSX5  AT4G29780  XTH18  AT4G34150  ZAT6  NHL3  HSP17.6II  DMR6  GDPD2  AT5G42050  RBOHD  AT5G63130  AT5G66650  AT4G16660  ALAAT2  AT3G03670  AT4G19520  GLB3  STOP1  NPR1  AT3G24715  EDS1  PAD4  CTR1","2"
"22",4.0279263442251e-17,53,240,4.18477652034751,"GO:0071456 Cellular response to hypoxia ","https://amigo.geneontology.org/amigo/term/GO:0071456"," AT1G02360  MAPKKK13  AT1G14200  AlaAT1  TEM1  GA2OX2  AT1G50740  AT1G59860  FBS1  PERK9  AT1G72910  AT1G72920  AT1G72940  OPR1  AT1G78850  SERK4  HB1  HSFA2  AT2G32200  AT2G32210  HSPRO2  WRKY46  PI4K GAMMA 4  ERF71  GSTF8  LBD41  AT3G23170  WRKY70  WRKY22  BPS3  NUDT7  ACR7  SGT1A  AT4G24160  AT4G27280  CBSX5  AT4G29780  XTH18  AT4G34150  ZAT6  NHL3  HSP17.6II  DMR6  GDPD2  AT5G42050  RBOHD  AT5G63130  AT5G66650  AT4G16660  AT3G03670  AT4G19520  STOP1  AT3G24715","2"
"23",9.04821826149014e-19,59,271,4.12563082420948,"GO:0036293 Response to decreased oxygen levels ","https://amigo.geneontology.org/amigo/term/GO:0036293"," AT1G02360  MAPKKK13  AT1G14200  AlaAT1  TEM1  GA2OX2  AT1G50740  AT1G59860  FBS1  PERK9  AT1G72910  AT1G72920  AT1G72940  OPR1  AT1G78850  SERK4  HB1  HSFA2  AT2G32200  AT2G32210  HSPRO2  WRKY46  PI4K GAMMA 4  ERF71  GSTF8  LBD41  AT3G23170  WRKY70  WRKY22  BPS3  NUDT7  ACR7  SGT1A  AT4G24160  AT4G27280  CBSX5  AT4G29780  XTH18  AT4G34150  ZAT6  NHL3  HSP17.6II  DMR6  GDPD2  AT5G42050  RBOHD  AT5G63130  AT5G66650  AT4G16660  ALAAT2  AT3G03670  AT4G19520  GLB3  STOP1  NPR1  AT3G24715  EDS1  PAD4  CTR1","2"
"24",2.42559997726018e-24,83,407,3.86448232744529,"GO:0042742 Defense response to bacterium ","https://amigo.geneontology.org/amigo/term/GO:0042742"," NPR1  AT1G70130  AP4.3A  RLK  AT3G45330  AT3G59750  AT4G02410  CRK31  CRK6  CRK10  CRK14  CRK15  CRK19  CRK20  AT4G28350  AT4G29050  LECRKA4.1  NPR3  AT5G60270  AT5G60310  CERK1  MEK1  CPK28  HWI1  WRKY17  AT3G10930  CAF1a  CYP83B1  WRKY11  WRKY18  NHL3  SR1  ADR1-L2  AT5G25440  NIMIN1  CRT3  APK2A  ABA3  CLH1  IOS1  ALA3  KTI1  SARD1  RIPK  IRE1A  SDF2  EULS3  HSPRO2  WRKY54  PEN2  WRKY46  SDR3  NDR1  RIN4  AT3G28450  EDS1  PRXCB  ZAR1  PAD4  EXO70H1  WRKY70  SIB1  AT3G57730  AT3G57750  SAG21  GSL05  NUDT7  AT4G13040  AT4G22305  GSH1  RPS2  HSC70-1  SAG101  WRKY38  DMR6  AT5G44585  AT5G45410  PTR3  HSP90.1  HSP81-2  EXO70B1  AT5G62570  TGA1","2"
"25",5.25769247534389e-28,101,509,3.76020250039751,"GO:0009617 Response to bacterium ","https://amigo.geneontology.org/amigo/term/GO:0009617"," NPR1  AT1G70130  AP4.3A  RLK  AT3G45330  AT3G59750  AT4G02410  CRK31  CRK6  CRK10  CRK14  CRK15  CRK19  CRK20  AT4G28350  AT4G29050  LECRKA4.1  NPR3  AT5G60270  AT5G60310  OPCL1  SARD1  CERK1  PCC1  PAD4  MEK1  EFR  CPK28  AT2G46170  TGA9  PMEPCRA  AIG1  IOS1  FBS1  HWI1  KTI1  WRKY17  AT2G26440  WRKY46  AT3G10930  CAF1a  MPK3  EXO70H1  WRKY70  BG3  CPK31  AT4G10500  CYP83B1  WRKY11  WRKY18  FER1  NHL3  TGA10  DMR6  VDAC4  VDAC2  SR1  CNGC11  ADR1-L2  AT5G25440  NIMIN1  CRT3  APK2A  ABA3  CLH1  ALA3  RIPK  IRE1A  SDF2  EULS3  HSPRO2  WRKY54  PEN2  SDR3  NDR1  RIN4  AT3G28450  EDS1  PRXCB  ZAR1  SIB1  AT3G57730  AT3G57750  SAG21  GSL05  NUDT7  AT4G13040  AT4G22305  GSH1  RPS2  HSC70-1  SAG101  WRKY38  AT5G44585  AT5G45410  PTR3  HSP90.1  HSP81-2  EXO70B1  AT5G62570  TGA1","2"
"26",3.05600180644976e-23,154,1185,2.46269150851117,"GO:0098542 Defense response to other organism ","https://amigo.geneontology.org/amigo/term/GO:0098542"," NSL1  AT1G61430  NPR1  AT1G70130  PUX2  AP4.3A  RLK  HCHIB  CES101  AT3G45330  AT3G59750  AT4G02410  CRK31  CRK6  CRK10  CRK14  CRK15  CRK19  CRK20  SGT1A  AT4G28350  AT4G29050  LECRKA4.1  NPR3  AT5G60270  AT5G60310  AT3G48080  EDS1  PAD4  SAG101  PP2-A5  CERK1  OSM34  MEK1  CYP83B1  AT5G52810  PROPEP1  CPK28  AT1G01440  NIMIN1  PMEPCRA  SARD1  SDR3  NDR1  MKK5  RIN4  MPK3  HR3  AGF2  MPK4  MEKK1  NHL22  RPS2  MKK2  ADR1-L2  AT5G05190  NHL3  HSP90.1  AT5G55450  HSP81-3  HSP81-2  FMO  AT1G14200  HWI1  PR5  PR1  WRKY17  AT3G10930  CAF1a  BGL2  EP1  WRKY11  WRKY18  RRTF1  APG7  AT5G52020  ABR1  AT2G21120  SR1  AT5G25440  AT1G02660  GRXS13  ORA59  CRT3  MLO2  APK2A  ABA3  CLH1  WAK1  PUB17  TRX5  AT1G49050  PUB26  IOS1  ALA3  AT1G59970  KTI1  PSKR1  RIPK  IRE1A  SDF2  ATL9  AT2G38240  AT2G38870  EULS3  MLO12  HSPRO2  WRKY54  PEN2  WRKY46  SYP43  AT3G14840  MKS1  PCC1  AT3G23170  AT3G28450  AAE3  PRXCB  NAC062  ZAR1  EXO70H1  WRKY70  SIB1  AT3G57730  AT3G57750  AT3G62590  ATERDJ3B  BIL4  GG1  SAG21  GSL05  AT4G10500  NUDT7  AT4G13040  AT4G22305  GSH1  AT4G24970  HSC70-1  AT5G03320  EFR  WRKY38  DMR6  AT5G39580  NAC6  AT5G44585  AT5G45410  PTR3  RBOHD  ANK  EXO70B1  ERF104  AT5G62570  AT5G64120  TGA1","2"
"27",8.246874340965e-28,190,1489,2.41805706410338,"GO:0043207 Response to external biotic stimulus ","https://amigo.geneontology.org/amigo/term/GO:0043207"," CNBT1  YSL3  NSL1  AT1G61430  NPR1  AT1G70130  PUX2  AP4.3A  RLK  HCHIB  CES101  AT3G45330  AT3G59750  AT4G02410  CRK31  CRK6  CRK10  CRK14  CRK15  CRK19  CRK20  SGT1A  AT4G28350  AT4G29050  LECRKA4.1  NPR3  AT5G60270  AT5G60310  AT3G48080  EDS1  PAD4  SAG101  OPCL1  AT1G25275  PP2-A5  SARD1  CERK1  PCC1  OSM34  MEK1  CYP83B1  EFR  AT5G52810  PROPEP1  CPK28  AT1G01440  NIMIN1  PMEPCRA  AT1G58602  AT2G46170  SDR3  NDR1  MKK5  RIN4  MPK3  HR3  ZAR1  AGF2  MPK4  MEKK1  NHL22  RPS2  MKK2  ADR1-L2  AT5G05190  NHL3  NCBP  HSP90.1  AT5G55450  HSP81-3  HSP81-2  AT1G02360  TGA9  FMO  AT1G14200  LOX3  WAK1  AIG1  IOS1  FBS1  GPT2  HWI1  KTI1  PR5  PR1  RKP  WRKY17  AT2G26440  WRKY46  AT3G10930  BSMT1  ABCC7  CAF1a  YLS2  AT3G51440  EXO70H1  WRKY70  BG3  BGL2  AT4G01700  SAG21  CPK31  AT4G10500  ERF6  EP1  WRKY11  WRKY18  RRTF1  FER1  HSC70-1  TGA10  AT5G17350  DMR6  AT5G37840  APG7  AT5G52020  NOI  VDAC4  COBL5  SNAP33  ABR1  VDAC2  AT2G21120  SR1  CNGC11  AT5G25440  AT1G02660  GRXS13  ORA59  CRT3  MLO2  APK2A  ABA3  CLH1  PUB17  TRX5  AT1G49050  PUB26  ALA3  AT1G59970  RFO1  PSKR1  RIPK  IRE1A  SDF2  ATL9  AT2G38240  AT2G38870  EULS3  MLO12  HSPRO2  WRKY54  PEN2  SYP43  AT3G14840  MKS1  AT3G23170  AT3G28450  AAE3  PRXCB  NAC062  SIB1  AT3G57730  AT3G57750  AT3G62590  ATERDJ3B  BIL4  GG1  GSL05  NUDT7  AT4G13040  NIG  AT4G22305  GSH1  AT4G24970  AT5G03320  WRKY38  AT5G39580  NAC6  AT5G44585  AT5G45410  PTR3  RBOHD  ANK  EXO70B1  ERF104  AT5G62570  AT5G64120  TGA1  PERK1","2"
"28",8.246874340965e-28,190,1489,2.41805706410338,"GO:0051707 Response to other organism ","https://amigo.geneontology.org/amigo/term/GO:0051707"," CNBT1  YSL3  NSL1  AT1G61430  NPR1  AT1G70130  PUX2  AP4.3A  RLK  HCHIB  CES101  AT3G45330  AT3G59750  AT4G02410  CRK31  CRK6  CRK10  CRK14  CRK15  CRK19  CRK20  SGT1A  AT4G28350  AT4G29050  LECRKA4.1  NPR3  AT5G60270  AT5G60310  AT3G48080  EDS1  PAD4  SAG101  OPCL1  AT1G25275  PP2-A5  SARD1  CERK1  PCC1  OSM34  MEK1  CYP83B1  EFR  AT5G52810  PROPEP1  CPK28  AT1G01440  NIMIN1  PMEPCRA  AT1G58602  AT2G46170  SDR3  NDR1  MKK5  RIN4  MPK3  HR3  ZAR1  AGF2  MPK4  MEKK1  NHL22  RPS2  MKK2  ADR1-L2  AT5G05190  NHL3  NCBP  HSP90.1  AT5G55450  HSP81-3  HSP81-2  AT1G02360  TGA9  FMO  AT1G14200  LOX3  WAK1  AIG1  IOS1  FBS1  GPT2  HWI1  KTI1  PR5  PR1  RKP  WRKY17  AT2G26440  WRKY46  AT3G10930  BSMT1  ABCC7  CAF1a  YLS2  AT3G51440  EXO70H1  WRKY70  BG3  BGL2  AT4G01700  SAG21  CPK31  AT4G10500  ERF6  EP1  WRKY11  WRKY18  RRTF1  FER1  HSC70-1  TGA10  AT5G17350  DMR6  AT5G37840  APG7  AT5G52020  NOI  VDAC4  COBL5  SNAP33  ABR1  VDAC2  AT2G21120  SR1  CNGC11  AT5G25440  AT1G02660  GRXS13  ORA59  CRT3  MLO2  APK2A  ABA3  CLH1  PUB17  TRX5  AT1G49050  PUB26  ALA3  AT1G59970  RFO1  PSKR1  RIPK  IRE1A  SDF2  ATL9  AT2G38240  AT2G38870  EULS3  MLO12  HSPRO2  WRKY54  PEN2  SYP43  AT3G14840  MKS1  AT3G23170  AT3G28450  AAE3  PRXCB  NAC062  SIB1  AT3G57730  AT3G57750  AT3G62590  ATERDJ3B  BIL4  GG1  GSL05  NUDT7  AT4G13040  NIG  AT4G22305  GSH1  AT4G24970  AT5G03320  WRKY38  AT5G39580  NAC6  AT5G44585  AT5G45410  PTR3  RBOHD  ANK  EXO70B1  ERF104  AT5G62570  AT5G64120  TGA1  PERK1","2"
"29",8.246874340965e-28,192,1510,2.4095277028316,"GO:0044419 Biological proc. involved in interspecies interaction between organisms ","https://amigo.geneontology.org/amigo/term/GO:0044419"," CNBT1  YSL3  NSL1  AT1G61430  NPR1  AT1G70130  PUX2  AP4.3A  RLK  HCHIB  CES101  AT3G45330  AT3G59750  AT4G02410  CRK31  CRK6  CRK10  CRK14  CRK15  CRK19  CRK20  SGT1A  AT4G28350  AT4G29050  LECRKA4.1  NPR3  AT5G60270  AT5G60310  AT3G48080  EDS1  PAD4  SAG101  OPCL1  AT1G25275  PP2-A5  SARD1  CERK1  PCC1  OSM34  MEK1  CYP83B1  P58IPK  EFR  AT5G52810  PROPEP1  CPK28  AT1G01440  NIMIN1  PMEPCRA  AT1G58602  AT2G46170  SDR3  NDR1  MKK5  RIN4  MPK3  HR3  ZAR1  AGF2  MPK4  MEKK1  NHL22  RPS2  MKK2  ADR1-L2  AT5G05190  NHL3  NCBP  HSP90.1  AT5G55450  HSP81-3  HSP81-2  AT1G02360  TGA9  FMO  AT1G14200  LOX3  WAK1  AIG1  IOS1  FBS1  GPT2  HWI1  KTI1  PR5  PR1  RKP  WRKY17  AT2G26440  WRKY46  AT3G10930  BSMT1  ABCC7  CAF1a  YLS2  AT3G51440  EXO70H1  WRKY70  BG3  BGL2  AT4G01700  SAG21  CPK31  AT4G10500  ERF6  EP1  WRKY11  WRKY18  RRTF1  FER1  HSC70-1  TGA10  AT5G17350  DMR6  AT5G37840  APG7  AT5G52020  NOI  VDAC4  COBL5  SNAP33  ABR1  VDAC2  AT2G21120  SR1  CNGC11  AT5G25440  AT1G02660  GRXS13  ORA59  CRT3  MLO2  APK2A  ABA3  CLH1  PUB17  TRX5  AT1G49050  PUB26  ALA3  AT1G59970  RFO1  PSKR1  RIPK  IRE1A  SDF2  ATL9  AT2G38240  AT2G38870  EULS3  MLO12  HSPRO2  WRKY54  PEN2  SYP43  OBE1  AT3G14840  MKS1  AT3G23170  AT3G28450  AAE3  PRXCB  NAC062  SIB1  AT3G57730  AT3G57750  AT3G62590  ATERDJ3B  BIL4  GG1  GSL05  NUDT7  AT4G13040  NIG  AT4G22305  GSH1  AT4G24970  AT5G03320  WRKY38  AT5G39580  NAC6  AT5G44585  AT5G45410  PTR3  RBOHD  ANK  EXO70B1  ERF104  AT5G62570  AT5G64120  TGA1  PERK1","2"
"30",3.17137261878266e-20,146,1174,2.35663542272792,"GO:0006468 Protein phosphorylation ","https://amigo.geneontology.org/amigo/term/GO:0006468"," WAKL2  CDPK2  AT1G68330  CRK2  MPK17  CPK6  PERK1  MEKK1  CIPK8  CTR1  SK13  AT5G24430  AT5G38210  AT1G03740  AT1G11300  AT1G11330  AT1G28390  AT1G61430  RK1  PERK9  AT1G70740  AT1G71530  CPK30  CRCK3  SIP4  CIPK22  RKF3  CES101  CPK32  CRK41  CRK37  CRK38  CPK31  CPK4  CRK31  RK3  CRK28  CRK29  CRK6  CRK10  CRK14  CRK15  CRK19  CRK20  CBSX5  CPK5  AT5G09890  CPK7  CRLK2  AT5G38990  WNK8  AT5G42440  AT5G44290  CRLK1  AT5G59700  CPK28  MAPKKK13  AT1G51850  SERK1  RIPK  PI4K GAMMA 4  CERK1  RIN4  MPK3  MAPKKK20  MPK4  SD2-5  AT5G25440  AT5G49760  AT1G06840  AT1G11050  APK2A  WAK1  WAK2  AT1G26970  AT1G34300  AT1G34420  AT1G35710  AT1G51790  IOS1  AT1G51820  AT1G51860  AT1G56130  AT1G65250  AT1G66920  AT1G67470  AT1G69910  AT1G70130  CRK3  AT1G78940  RFO1  PSKR1  SERK4  Kin3  IRE1A  AT2G19130  AT2G23450  AT2G28940  AP4.3A  RLK  ERS1  LYK2  AT3G02880  AT3G14840  AT3G17410  GPK1  MKK5  AT3G24715  AT3G28450  AT3G45330  AT3G57640  AT3G57700  AT3G57730  AT3G57740  AT3G57750  AT3G57760  AT3G59750  AT4G02410  MEKK3  AT4G08850  CRK24  MEK1  AT4G28350  AT4G29050  MKK2  CST  LECRKA4.1  LECRKA4.2  AT5G01950  AT5G03320  EFR  SK 11  AT5G35370  AT5G35960  AT5G38250  AT5G39020  AT5G39390  AT5G41680  AT5G41730  AT5G51770  AT5G57035  CRCK1  AT5G59680  AT5G60270  AT5G60310  AT5G65240","2"
"31",3.41822989767915e-25,201,1707,2.23136274984872,"GO:0006952 Defense response ","https://amigo.geneontology.org/amigo/term/GO:0006952"," NSL1  AT1G61430  NPR1  AT1G70130  TIFY10B  PR5  PUX2  AP4.3A  JAZ7  RLK  HCHIB  CES101  AT3G45330  AT3G59750  AT4G02410  CRK31  OSM34  CRK6  CRK10  CRK14  CRK15  CRK19  CRK20  SGT1A  AT4G28350  AT4G29050  LECRKA4.1  NPR3  AT5G60270  AT5G60310  AT3G48080  EDS1  PAD4  SAG101  PP2-A5  CERK1  MEK1  CYP83B1  AT5G52810  EXO70B1  PROPEP1  CPK28  AT1G01440  NIMIN1  MLO2  PMEPCRA  APK2A  AT1G17610  CLH1  AT1G26970  AT1G31540  RAP2.6  IOS1  AT1G56540  AT1G58602  ALA3  AT1G63350  AT1G63750  AT1G67470  HWI1  AT1G72910  AT1G72920  AT1G72940  KTI1  SARD1  RIPK  PR1  AT2G16870  LYM2  Kin3  SR1  SDF2  ERF15  ATL9  AT2G38240  MLO12  PLP6  HSPRO2  WRKY54  AT2G43620  PEN2  WRKY46  SDR3  ERF71  SYP43  BSMT1  MKS1  NDR1  MKK5  PCC1  RIN4  AT3G26020  AT3G28450  AT3G44400  MPK3  AAE3  HR3  ZAR1  EXO70H1  AGF2  WRKY70  SIB1  BGL2  AT3G57750  AT3G62780  BIL4  GG1  WRKY22  MPK4  SAG21  MEKK1  NHL22  AT4G10500  ERF6  AT4G19520  AT4G22305  GSH1  AT4G24970  MC2  RPS2  MKK2  DGK7  WRKY11  AT4G34180  AT4G36150  HSC70-1  AT5G03320  ADR1-L2  AT5G05190  NHL3  EFR  AT5G22690  DMR6  AT5G38340  AT5G41740  AT5G45440  AT5G45500  RBOHD  AT5G51630  HSP90.1  MLO11  ANK  AT5G55450  HSP81-3  HSP81-2  AT5G66070  FMO  AT1G14200  AT1G58420  SOT12  WRKY17  GSTF8  AT3G10930  CAF1a  EP1  WRKY18  RRTF1  APG7  AT5G52020  ABR1  PSKR1  AT2G21120  CNGC11  AT5G25440  AT1G02660  GRXS13  ORA59  CRT3  ABA3  WAK1  PUB17  TRX5  AT1G49050  PUB26  AT1G59970  IRE1A  AT2G38870  EULS3  WRKY58  PTF1  OBE1  AT3G14840  AT3G23170  PRXCB  NAC062  AT3G57730  AT3G62590  ATERDJ3B  GSL05  NUDT7  AT4G13040  WRKY38  AT5G39580  NAC6  AT5G44585  AT5G45410  PTR3  ERF104  AT5G62570  AT5G64120  TGA1","2"
"32",2.16915347225687e-20,176,1546,2.15730137688836,"GO:0016310 Phosphorylation ","https://amigo.geneontology.org/amigo/term/GO:0016310"," WAKL2  CDPK2  AT1G68330  CRK2  MPK17  CPK6  PERK1  MEKK1  CIPK8  CTR1  SK13  AT5G24430  AT5G38210  AT1G03740  AT1G11300  AT1G11330  AT1G28390  AT1G61430  RK1  PERK9  AT1G70740  AT1G71530  CPK30  CRCK3  SIP4  CIPK22  RKF3  CES101  CPK32  CRK41  CRK37  CRK38  CPK31  CPK4  CRK31  RK3  CRK28  CRK29  SPHK2  SPHK1  CRK6  CRK10  CRK14  CRK15  CRK19  CRK20  CBSX5  CPK5  AT5G09890  CPK7  CRLK2  AT5G38990  WNK8  AT5G42440  AT5G44290  ACD5  CRLK1  AT5G59700  CPK28  MAPKKK13  AT1G51850  SERK1  RIPK  PI4K GAMMA 4  CERK1  RIN4  MPK3  MAPKKK20  MPK4  SD2-5  AT5G25440  AT5G49760  TPK1  ERS2  AT1G06840  AT1G11050  APK2A  WAK1  WAK2  AT1G26970  PRS2  AT1G34300  AT1G34420  AT1G35710  AT1G36990  AT1G51790  IOS1  AT1G51820  AT1G51860  RSH3  AT1G56130  PANK1  AT1G65250  AT1G66920  AT1G67470  AT1G69910  AT1G70130  CRK3  AT1G78940  RFO1  PSKR1  SERK4  Kin3  IRE1A  AT2G19130  AT2G23450  AT2G28940  AT2G31390  AP4.3A  ADK  RLK  ERS1  GLCAK  LYK2  AT3G02880  AT3G04050  EIN4  TK1a  AT3G14840  AT3G15680  AT3G17410  GPK1  ATHXK4  NADK1  MKK5  AT3G24715  AT3G28450  AT3G45040  AT3G45330  AT3G46280  AT3G49160  AT3G56600  AT3G57640  AT3G57700  AT3G57730  AT3G57740  AT3G57750  AT3G57760  AT3G59750  AT4G00300  AT4G00955  AT4G02410  MEKK3  AT4G08850  CRK24  AT4G24970  MEK1  AT4G28350  AT4G29050  MKK2  DGK7  AT4G33770  CST  LECRKA4.1  LECRKA4.2  AT5G01950  AT5G03320  EFR  SK 11  AT5G35370  AT5G35960  AT5G38250  AT5G39020  AT5G39390  AT5G41680  AT5G41730  AT5G51770  AT5G56350  AT5G57035  Mik  CRCK1  AT5G59680  AT5G60270  AT5G60310  AT5G62770  AT5G65240","2"
"33",1.04543755506467e-21,228,2191,1.97196912922863,"GO:0006796 Phosphate-containing compound metabolic proc. ","https://amigo.geneontology.org/amigo/term/GO:0006796"," WAKL2  CDPK2  AT1G68330  CRK2  MPK17  CPK6  PERK1  MEKK1  CIPK8  CTR1  SK13  AT5G24430  AT5G38210  TPK1  AT1G03740  PLL5  AT1G11300  AT1G11330  GAPCP-2  AT1G28390  PRS2  AT1G34750  5PTASE11  AT1G48040  ATHAL3B  PANK1  AT1G61430  RK1  DIN9  PIS1  PERK9  PP2A  AT1G70740  AT1G71530  ENO1  CPK30  CRCK3  AT2G20420  NAPRT2  SIP4  CNX2  CIPK22  PP2C5  AT2G45290  RKF3  RGP1  AT3G02360  AT3G04050  APY1  CES101  ATHXK4  NADK1  GFAT  AT3G45040  AT3G49160  FBA8  CPK32  SPP1  AT3G62260  PLDBETA2  CRK41  CRK37  CRK38  CPK31  CPK4  CRK31  PLDGAMMA3  PSD1  AT4G19180  RK3  CRK28  CRK29  SPHK2  SPHK1  CRK6  CRK10  CRK14  CRK15  CRK19  CRK20  AT4G24160  CBSX5  AT4G31860  THY-2  ASE2  CPK5  FBA4  MTM2  AT5G04980  AT5G09890  CPK7  G6PD2  CRLK2  DRT101  PGL5  AT5G38990  GDPD2  WNK8  AT5G42440  AT5G44290  QS  ACD5  CRLK1  AT5G56350  PSD2  Mik  AT5G59700  AT5G64090  CPK28  MAPKKK13  AT1G51850  SERK1  RIPK  PI4K GAMMA 4  CERK1  RIN4  MPK3  MAPKKK20  MPK4  AT4G22305  SD2-5  AT5G25440  AT5G49760  ERS2  PFA-DSP1  AT1G06840  AT1G11050  APK2A  ABA3  GER2  WAK1  WAK2  AT1G26970  AT1G34300  AT1G34420  AT1G35710  AT1G36990  AT1G51790  IOS1  AT1G51820  AT1G51860  RSH3  AT1G56130  AT1G65250  AT1G66920  AT1G67470  AT1G69910  AT1G70130  CRK3  GER1  HMG1  AT1G78940  RFO1  PSKR1  SERK4  Kin3  IRE1A  AT2G19130  AT2G23450  AT2G28940  AT2G31390  AP4.3A  ADK  RLK  ERS1  GLCAK  LYK2  AT3G02880  EIN4  TK1a  AT3G14840  AT3G15680  AT3G17410  GPK1  MKK5  AT3G24715  AT3G28450  AT3G45330  AT3G46280  AT3G56600  AT3G57640  AT3G57700  AT3G57730  AT3G57740  AT3G57750  AT3G57760  AT3G59750  AT4G00300  AT4G00955  AT4G02410  MEKK3  AT4G08850  AT4G20460  CRK24  AT4G24970  MEK1  AT4G28350  AT4G29050  MKK2  DGK7  AT4G33770  CST  LECRKA4.1  LECRKA4.2  AT5G01950  AT5G03320  AO  PFA-DSP5  EFR  SK 11  AT5G35370  AT5G35960  AT5G38250  AT5G39020  AT5G39390  AT5G41680  AT5G41730  AT5G51770  AT5G55070  AT5G57035  CRCK1  AT5G59680  AT5G60270  AT5G60310  AT5G62770  AT5G65240  PCC1  WRI1","2"
"34",1.15753835719449e-21,228,2194,1.96927272659066,"GO:0006793 Phosphorus metabolic proc. ","https://amigo.geneontology.org/amigo/term/GO:0006793"," WAKL2  CDPK2  AT1G68330  CRK2  MPK17  CPK6  PERK1  MEKK1  CIPK8  CTR1  SK13  AT5G24430  AT5G38210  TPK1  AT1G03740  PLL5  AT1G11300  AT1G11330  GAPCP-2  AT1G28390  PRS2  AT1G34750  5PTASE11  AT1G48040  ATHAL3B  PANK1  AT1G61430  RK1  DIN9  PIS1  PERK9  PP2A  AT1G70740  AT1G71530  ENO1  CPK30  CRCK3  AT2G20420  NAPRT2  SIP4  CNX2  CIPK22  PP2C5  AT2G45290  RKF3  RGP1  AT3G02360  AT3G04050  APY1  CES101  ATHXK4  NADK1  GFAT  AT3G45040  AT3G49160  FBA8  CPK32  SPP1  AT3G62260  PLDBETA2  CRK41  CRK37  CRK38  CPK31  CPK4  CRK31  PLDGAMMA3  PSD1  AT4G19180  RK3  CRK28  CRK29  SPHK2  SPHK1  CRK6  CRK10  CRK14  CRK15  CRK19  CRK20  AT4G24160  CBSX5  AT4G31860  THY-2  ASE2  CPK5  FBA4  MTM2  AT5G04980  AT5G09890  CPK7  G6PD2  CRLK2  DRT101  PGL5  AT5G38990  GDPD2  WNK8  AT5G42440  AT5G44290  QS  ACD5  CRLK1  AT5G56350  PSD2  Mik  AT5G59700  AT5G64090  CPK28  MAPKKK13  AT1G51850  SERK1  RIPK  PI4K GAMMA 4  CERK1  RIN4  MPK3  MAPKKK20  MPK4  AT4G22305  SD2-5  AT5G25440  AT5G49760  ERS2  PFA-DSP1  AT1G06840  AT1G11050  APK2A  ABA3  GER2  WAK1  WAK2  AT1G26970  AT1G34300  AT1G34420  AT1G35710  AT1G36990  AT1G51790  IOS1  AT1G51820  AT1G51860  RSH3  AT1G56130  AT1G65250  AT1G66920  AT1G67470  AT1G69910  AT1G70130  CRK3  GER1  HMG1  AT1G78940  RFO1  PSKR1  SERK4  Kin3  IRE1A  AT2G19130  AT2G23450  AT2G28940  AT2G31390  AP4.3A  ADK  RLK  ERS1  GLCAK  LYK2  AT3G02880  EIN4  TK1a  AT3G14840  AT3G15680  AT3G17410  GPK1  MKK5  AT3G24715  AT3G28450  AT3G45330  AT3G46280  AT3G56600  AT3G57640  AT3G57700  AT3G57730  AT3G57740  AT3G57750  AT3G57760  AT3G59750  AT4G00300  AT4G00955  AT4G02410  MEKK3  AT4G08850  AT4G20460  CRK24  AT4G24970  MEK1  AT4G28350  AT4G29050  MKK2  DGK7  AT4G33770  CST  LECRKA4.1  LECRKA4.2  AT5G01950  AT5G03320  AO  PFA-DSP5  EFR  SK 11  AT5G35370  AT5G35960  AT5G38250  AT5G39020  AT5G39390  AT5G41680  AT5G41730  AT5G51770  AT5G55070  AT5G57035  CRCK1  AT5G59680  AT5G60270  AT5G60310  AT5G62770  AT5G65240  PCC1  WRI1","2"
"35",7.89461638743023e-23,307,3266,1.78127034407795,"GO:0051716 Cellular response to stimulus ","https://amigo.geneontology.org/amigo/term/GO:0051716"," AT1G02360  MAPKKK13  AT1G14200  AlaAT1  TEM1  GA2OX2  AT1G50740  AT1G59860  FBS1  PERK9  AT1G72910  AT1G72920  AT1G72940  OPR1  AT1G78850  SERK4  HB1  HSFA2  AT2G32200  AT2G32210  HSPRO2  WRKY46  PI4K GAMMA 4  ERF71  GSTF8  LBD41  AT3G23170  WRKY70  WRKY22  BPS3  NUDT7  ACR7  SGT1A  AT4G24160  AT4G27280  CBSX5  AT4G29780  XTH18  AT4G34150  ZAT6  NHL3  HSP17.6II  DMR6  GDPD2  AT5G42050  RBOHD  AT5G63130  AT5G66650  APX1  BIP3  AT1G14040  WAKL2  WAK1  WAK2  AT1G27330  AT1G27350  NSL1  AT1G35350  CDPK2  AT1G35710  AT1G60740  NPR1  AT1G64710  AT1G65250  AT1G67470  AT1G69910  CPK30  TIFY10B  AT1G77370  PDIL1-2  RFO1  MPK17  CPK6  IRE1A  pEARLI4  AT2G23450  SIP4  JAZ7  CIPK22  GRF7  CHIP  AT3G12040  AT3G24715  MPK3  PDIL1-3  CPK32  AT3G57700  AT3G57730  AT3G57740  AT3G57750  AT3G57760  GID1B  AT4G00955  MPK4  CPK31  SAPX  AT4G08850  CPK4  AT4G16660  HSF A4A  CIPK8  CPK5  AT4G38560  HSC70-1  AT5G09890  CPK7  SK13  EFR  AT5G24430  SK 11  BIP1  AT5G41730  WNK8  NPR3  APG7  HSP90.1  HSP81-3  HSP81-2  PLC1  CPK28  AT3G48080  EDS1  PAD4  SAG101  SARD1  CERK1  PCC1  RGS1  WRKY11  CEN2  Tudor1  IAA10  ERS2  RCI3  ORA59  AT1G10588  AT1G17610  PUP14  AT1G31540  RAP2.6  IOS1  AT1G56540  AT1G63750  PP2-A5  RK1  AT1G65820  AT1G67800  AT1G70130  SERK1  EIL3  AT1G76520  GSTU19  AT1G80440  AT2G01540  GSTZ1  AT2G16870  NTRA  ABCG31  ERF15  GPX2  AP4.3A  RLK  DREB19  WRKY54  ERS1  AT2G46320  SDR3  RGF7  AT3G03670  EIN4  AT3G07255  TK1a  AT3G11000  HCHIB  PA200  NAP1;4  AT3G17410  NDR1  MKK5  RIN4  AT3G26020  ARO4  AT3G44400  AT3G45330  RDUF1  PRXCB  MAPKKK20  HR3  WRI1  AT3G57640  AT3G59750  BIL4  GG1  AT4G02410  RAP2.9  MEKK3  AT4G13040  PHYD  ERF6  IWS2  AT4G19520  RK3  AT4G24970  MEK1  RPS2  AT4G28350  AT4G29050  MKK2  DGK7  AT4G33420  RRTF1  NTRB  ARO3  AT4G36150  LECRKA4.1  CTR1  ADR1-L2  ABO1  RGLG2  DRT101  AIP2  AT5G21960  AT5G22690  LSU4  EBF2  AT5G38340  AT5G39580  AT5G41740  AT5G42150  AT5G45000  AT5G49760  AT5G51190  AT5G51630  AT5G52020  SRR1  AT5G60270  AT5G60310  ERF104  AT5G64120  ABR1  AIL7  AT5G65980  ARO2  AT5G66390  IDD1  PDIL2-2  UGT74E2  UTR3  AT1G61660  SS2  UTR1  AT2G43140  UNE5  AOX1A  NIT3  SIB1  BZIP53  SAG21  GSL05  APS3  SAP10  STOP1  SR1  AT2G38240  bHLH104  AT5G25440  AT5G47420  SPI  TGA9  CRT3  ABA3  SDF2  WRKY25  PP2C5  PEN2  MYB2  SYP43  MKS1  RLP41  NAC062  SUE4  ATERDJ3B  MSRB3  MEKK1  SPHK2  SPHK1  AT4G22305  GSH1  SHD  CYP83B1  FLDH  AT5G03320  MTM2  AT5G05190  TGA10  WRKY26  WRKY38  NAC6  AT5G48570  EXO70B1  AT5G58787  AT5G66070  CRT1b  CRT1a  SAR1  ATERDJ3A","2"
"36",2.43104688929391e-19,277,2995,1.75263138610075,"GO:0042221 Response to chemical ","https://amigo.geneontology.org/amigo/term/GO:0042221"," AT1G02360  MAPKKK13  AT1G14200  AlaAT1  TEM1  GA2OX2  AT1G50740  AT1G59860  FBS1  PERK9  AT1G72910  AT1G72920  AT1G72940  OPR1  AT1G78850  SERK4  HB1  HSFA2  AT2G32200  AT2G32210  HSPRO2  WRKY46  PI4K GAMMA 4  ERF71  GSTF8  LBD41  AT3G23170  WRKY70  WRKY22  BPS3  NUDT7  ACR7  SGT1A  AT4G24160  AT4G27280  CBSX5  AT4G29780  XTH18  AT4G34150  ZAT6  NHL3  HSP17.6II  DMR6  GDPD2  AT5G42050  RBOHD  AT5G63130  AT5G66650  APX1  AT1G35710  5PTASE11  AT1G60740  NPR1  AT1G64710  TIFY10B  AT1G77370  JAZ7  NIT2  NIT3  GID1B  SAPX  AT4G08850  AT4G16660  YSL1  EFR  NPR3  YSL3  AT3G48080  EDS1  PAD4  SK13  SAG101  OPCL1  WAK2  RGS1  MPK3  MEK1  WRKY11  CML43  NDL1  IAA10  ERS2  RCI3  ORA59  AT1G10588  PUP14  NSL1  AT1G30320  AT1G33090  AT1G33110  STOP1  RAP2.6  IOS1  RK1  AT1G65820  AT1G66780  AT1G67800  AT1G71140  EIL3  AT1G76520  GSTU19  AT1G80440  AT2G01540  GSTZ1  AT2G04050  AT2G04100  NTRA  ABCG31  ERF15  GPX2  AT2G34360  ChlAKR  DREB19  WRKY54  ERS1  AT2G46320  AT3G03670  EIN4  AT3G17410  MKK5  AT3G21690  PCC1  ALF5  AT3G26020  RDUF1  PRXCB  MAPKKK20  WRI1  BIL4  RAP2.9  AT4G13040  ERF6  IWS2  DTX35  AT4G33420  RRTF1  NTRB  CTR1  ABO1  RGLG2  AT5G20810  AIP2  AT5G21960  LSU4  EBF2  AT5G39580  AT5G42150  AT5G51190  AT5G52020  ERF104  GSTU9  AT5G64120  ABR1  AIL7  AT5G65980  AT5G66390  IDD1  GRXS13  UGT74E2  ACR8  LOX3  WAK1  AtHB23  AT1G61660  GPT2  Hop2  AT1G63840  PP2-A5  AT1G65500  AT1G65510  DIN9  LBD40  CRK2  KTI1  SS2  PR5  AIR3  PR1  SIP4  AP4.3A  ATL9  RLK  AT2G43140  MYB2  AT3G10930  CERK1  UGT71B6  GFAT  AT3G43670  AT3G49210  YLS2  AT3G51440  MPK4  SAG21  GSL05  CPK31  MYB74  AT4G10500  AT4G13180  AT4G19520  ChiC  CRK29  NRT1.8  GSH1  CRK6  EP1  CRK19  CIPK8  SAP10  WRKY18  AT4G33540  ADC2  SEN1  CSDP1  LECRKA4.1  FER1  ST2A  AT5G08760  LACS7  NAC6  PTR3  AT5G46230  ANK  PLC1  CRCK1  PROPEP1  SERK1  AT2G38240  bHLH104  AT5G38990  AT5G39020  AT5G47420  SPI  BIP3  ABA3  CDPK2  TRX5  NAC019  SOT12  CPK6  IRE1A  SR1  FRU  PP2C5  PEN2  SYP43  CHIP  SAP5  AT3G24715  RLP41  AT3G57480  CPK32  SPP1  MSRB3  MEKK1  CPK4  IBR10  HSF A4A  SPHK2  SPHK1  SHD  CYP83B1  FLDH  AT5G05190  AT5G13200  ZIFL1  WRKY38  ABCB27  AT5G49760  HSP81-3  HSP81-2  EXO70B1  AT5G58787  AT5G66070  CPK30  CYSC1  GLB3","2"
"37",1.31154960073662e-25,360,3912,1.74385871897801,"GO:0006950 Response to stress ","https://amigo.geneontology.org/amigo/term/GO:0006950"," AT1G02360  MAPKKK13  AT1G14200  AlaAT1  TEM1  GA2OX2  AT1G50740  AT1G59860  FBS1  PERK9  AT1G72910  AT1G72920  AT1G72940  OPR1  AT1G78850  SERK4  HB1  HSFA2  AT2G32200  AT2G32210  HSPRO2  WRKY46  PI4K GAMMA 4  ERF71  GSTF8  LBD41  AT3G23170  WRKY70  WRKY22  BPS3  NUDT7  ACR7  SGT1A  AT4G24160  AT4G27280  CBSX5  AT4G29780  XTH18  AT4G34150  ZAT6  NHL3  HSP17.6II  DMR6  GDPD2  AT5G42050  RBOHD  AT5G63130  AT5G66650  APX1  BIP3  AT1G14040  AT1G27330  AT1G27350  NSL1  AT1G35350  5PTASE11  AT1G60740  AT1G61430  NPR1  AT1G70130  TIFY10B  PR5  AT1G77370  PDIL1-2  PUX2  IRE1A  pEARLI4  AP4.3A  JAZ7  RLK  PEN2  CHIP  AT3G12040  HCHIB  CES101  AT3G45330  PDIL1-3  AT3G59750  AT4G02410  SAPX  CRK31  OSM34  AT4G16660  HSF A4A  CRK6  CRK10  CRK14  CRK15  CRK19  CRK20  AT4G28350  AT4G29050  AT4G38560  LECRKA4.1  HSC70-1  BIP1  NPR3  APG7  HSP90.1  HSP81-3  HSP81-2  AT5G60270  AT5G60310  AT3G48080  EDS1  PAD4  SAG101  PP2-A5  CERK1  MPK3  AT3G62260  BZIP53  MPK4  MEKK1  MEK1  AT4G29520  MKK2  CYP83B1  CEN2  Tudor1  AT5G52810  CRLK1  EXO70B1  PROPEP1  CPK28  AT1G01440  NIMIN1  RCI3  MLO2  PMEPCRA  APK2A  AT1G17610  CLH1  AT1G26970  ATJ1  RSH4  AT1G31540  RAP2.6  IOS1  AT1G56540  AT1G58602  ALA3  GolS4  AT1G63350  AT1G63750  AT1G67470  HWI1  KTI1  SARD1  RIPK  PR1  AT2G16870  LYM2  Kin3  NTRA  SR1  SDF2  ERF15  GPX2  ATL9  AT2G38240  AT2G38870  MLO12  PLP6  WRKY54  AT2G43620  AT2G46320  SDR3  AT3G03670  SYP43  TK1a  AT3G11000  BSMT1  PA200  NAP1;4  MKS1  NDR1  MKK5  PCC1  VRN5  RIN4  AT3G26020  AT3G28450  AT3G28510  J3  AT3G44400  AAE3  PRXCB  HR3  ZAR1  EXO70H1  AGF2  SIB1  BGL2  AT3G57750  AT3G62780  BIL4  GG1  SAG21  MSRB3  NHL22  AT4G10500  ERF6  AT4G19520  AT4G22305  GSH1  AT4G24970  MC2  RPS2  DGK7  WRKY11  AT4G33420  AT4G34180  NTRB  AT4G36150  AT5G03320  ADR1-L2  AT5G05190  DRT101  EFR  AT5G22690  AT5G38340  AT5G39580  AT5G40000  AT5G41740  AT5G45440  AT5G45500  AT5G51630  MLO11  ANK  AT5G55450  AT5G64120  AT5G66070  AT5G66390  GRXS13  PDIL2-2  UGT74E2  FMO  UTR3  LOX3  OPCL1  TRX5  ATHAL3B  AT1G58420  AT1G61660  AT1G65500  CRK2  ALAAT2  SS2  GSTU19  UTR1  SUT2  SOT12  WRKY17  AT2G27580  WRKY25  MYB14  ChlAKR  DREB19  MYB2  UNE5  AT3G10930  UGT71B6  AT3G43670  CAF1a  NIT3  AT3G49210  MAPKKK20  AT3G51440  CPK32  APS3  ChiC  EP1  SAP10  WRKY18  GLB3  RRTF1  ADC2  SEN1  CSDP1  FER1  SK13  FC1  LACS7  NAC6  PTR3  CP1  AT5G51190  AT5G52020  PLC1  CRCK1  ABR1  STOP1  EIL3  PSKR1  AT2G21120  CNGC11  RGLG2  AT5G25440  AT5G47420  AIL7  AT1G02660  SPI  ORA59  CRT3  ABA3  AT1G18740  WAK1  AT1G21520  SAT32  AT1G29060  PUB17  TPPD  AT1G49050  PUB26  NAC019  AT1G59970  EULS3  WRKY58  PTF1  OBE1  ATERDJ3A  Fes1A  SAP5  AT3G14840  AT3G17410  AOX1A  AT3G24715  RGS1  RDUF1  NAC062  SUE4  AT3G57480  AT3G57730  AT3G62590  ATERDJ3B  GSL05  AT4G13040  AGL19  SHD  SIS  CTR1  WRKY26  ABO1  ZIFL1  PHT3;1  WRKY38  SK 11  AT5G27830  AT5G44585  AT5G45410  AT5G48570  AT5G58787  ERF104  AT5G62570  TGA1  CRT1b  CRT1a  SAR1  PERK1","2"
"38",0.000541508842457657,5,19,24.8999639509733,"GO:0015804 Neutral amino acid transport ","https://amigo.geneontology.org/amigo/term/GO:0015804"," ANT1  AAP6  AAP4  ProT3  GDU1","3"
"39",0.0380705661458746,6,96,5.91374143835616,"GO:0009812 Flavonoid metabolic proc. ","https://amigo.geneontology.org/amigo/term/GO:0009812"," RHM1  TT5  CHIL  TT4  CYP711A1  UGT76C2","3"
"40",0.0146738168057925,10,233,4.06093832676818,"GO:0009611 Response to wounding ","https://amigo.geneontology.org/amigo/term/GO:0009611"," ATAF1  5PTASE13  JMT  AT1G66760  CK1  FAMT  WRKY20  TT4  CHIA  AT5G56980","3"
"41",0.0389060284604728,9,222,3.83594039244724,"GO:0071214 Cellular response to abiotic stimulus ","https://amigo.geneontology.org/amigo/term/GO:0071214"," HYH  VOZ1  ELIP1  CHIA  GCR1  SOUL-1  BBX32  AT3G45680  UGT76C2","3"
"42",0.0389060284604728,9,222,3.83594039244724,"GO:0104004 Cellular response to environmental stimulus ","https://amigo.geneontology.org/amigo/term/GO:0104004"," HYH  VOZ1  ELIP1  CHIA  GCR1  SOUL-1  BBX32  AT3G45680  UGT76C2","3"
"43",0.00282075519692678,17,459,3.50443937087773,"GO:0001101 Response to acid chemical ","https://amigo.geneontology.org/amigo/term/GO:0001101"," ANNAT4  ANNAT3  AT1G62660  AKR4C8  MBF1C  WRKY20  HAT22  CHIA  XTH6  VOZ1  PAL1  AT3G05500  NCED3  UGT76C2  CYP707A3  GLR2.7  CDSP32","3"
"44",0.00544621061492924,15,418,3.39544962967818,"GO:0009414 Response to water deprivation ","https://amigo.geneontology.org/amigo/term/GO:0009414"," ANNAT4  ANNAT3  AT1G62660  AKR4C8  MBF1C  HAT22  CHIA  XTH6  VOZ1  PAL1  AT3G05500  NCED3  UGT76C2  CYP707A3  CDSP32","3"
"45",0.00628347933573337,15,429,3.30838681866079,"GO:0009415 Response to water ","https://amigo.geneontology.org/amigo/term/GO:0009415"," ANNAT4  ANNAT3  AT1G62660  AKR4C8  MBF1C  HAT22  CHIA  XTH6  VOZ1  PAL1  AT3G05500  NCED3  UGT76C2  CYP707A3  CDSP32","3"
"46",0.000541508842457657,40,1675,2.25957881823758,"GO:1901700 Response to oxygen-containing compound ","https://amigo.geneontology.org/amigo/term/GO:1901700"," AT3G07700  NRT2.6  MAPKKK18  GCR1  AT1G62660  ANNAT4  ANNAT3  MTM1  AT5G47710  ZF1  5PTASE13  LOX1  ACO2  AT2G31730  AKR4C8  CYT1  MBF1C  FAMT  UBQ10  AT4G15700  WRKY20  HAT22  MYB3R-5  TT4  CHIA  AT5G56980  XTH6  VOZ1  ATAF1  TBL37  PAL1  AT3G05500  NCED3  CIPK1  RBP-DR1  AT4G29100  CIPK15  UGT76C2  CYP707A3  CDSP32","3"
"47",0.00421565784726782,31,1305,2.24767490683882,"GO:0055085 Transmembrane transport ","https://amigo.geneontology.org/amigo/term/GO:0055085"," ABCB14  RHM1  NHX4  ANT1  NRT2.6  CAX3  NRAMP6  AAP6  AT1G61890  VHA-E3  AT1G66760  AT1G69480  AT1G76800  AT2G03240  AT2G07671  TIP4;1  GLR2.7  ProT3  AT2G37900  AT2G42950  UMAMIT46  AT3G45680  SULTR3;1  UMAMIT30  AT4G04750  UMAMIT20  MTM1  GDU1  AT5G11230  SFP2  AAP4","3"
"48",5.22425337047064e-08,71,2995,2.24307521668534,"GO:0042221 Response to chemical ","https://amigo.geneontology.org/amigo/term/GO:0042221"," ATAF1  SRC2  UKL3  PP2-A11  AT1G65490  RAV2  MBF1C  AT5G19240  CYP707A3  RHM1  AT3G07700  NRT2.6  MAPKKK18  ACO2  MYB77  ARR7  NIA2  GCR1  ERF8  AT1G61890  AT1G62660  AT1G66760  AKR4C8  ANNAT4  ANNAT3  ERF13  AT3G09870  GR1  GSTU27  SRS6  IAGLU  MTM1  PAP2  AT4G34770  AT4G39780  AT5G47710  ZF1  5PTASE13  LOX1  AT1G76800  AT2G31730  CYT1  FAMT  TT5  UBQ10  AT4G15700  WRKY20  HAT22  MYB3R-5  TT4  CHIA  AT5G56980  TPPJ  XTH6  VOZ1  AT2G24550  TBL37  PAL1  AT3G05500  ARP5  NCED3  CIPK1  ILR2  AT3G45680  CAX3  RBP-DR1  AT4G29100  CIPK15  UGT76C2  GLR2.7  CDSP32","3"
"49",0.00421565784726782,36,1638,2.0795574288725,"GO:0009725 Response to hormone ","https://amigo.geneontology.org/amigo/term/GO:0009725"," RHM1  MAPKKK18  ACO2  MYB77  ARR7  GCR1  ERF8  AT1G62660  RAV2  ERF13  AT3G09870  SRS6  PAP2  AT4G34770  AT4G39780  AT5G47710  ZF1  5PTASE13  LOX1  AT2G31730  CYT1  MBF1C  FAMT  TT5  HAT22  MYB3R-5  TT4  AT5G56980  ATAF1  TBL37  ANNAT4  ARP5  CIPK1  AT4G29100  CIPK15  UGT76C2","3"
"50",0.00421565784726782,36,1639,2.07828863239362,"GO:0009719 Response to endogenous stimulus ","https://amigo.geneontology.org/amigo/term/GO:0009719"," RHM1  MAPKKK18  ACO2  MYB77  ARR7  GCR1  ERF8  AT1G62660  RAV2  ERF13  AT3G09870  SRS6  PAP2  AT4G34770  AT4G39780  AT5G47710  ZF1  5PTASE13  LOX1  AT2G31730  CYT1  MBF1C  FAMT  TT5  HAT22  MYB3R-5  TT4  AT5G56980  ATAF1  TBL37  ANNAT4  ARP5  CIPK1  AT4G29100  CIPK15  UGT76C2","3"
"51",0.0047617615934542,37,1725,2.02952749652571,"GO:0070887 Cellular response to chemical stimulus ","https://amigo.geneontology.org/amigo/term/GO:0070887"," ATAF1  SRC2  UKL3  PP2-A11  AT1G65490  RAV2  MBF1C  AT5G19240  CYP707A3  RHM1  NRT2.6  MYB77  MAPKKK18  ARR7  GCR1  ERF8  AT1G62660  ERF13  GR1  SRS6  MTM1  PAP2  AT4G39780  AT5G47710  ZF1  ACO2  CHIA  AT3G07700  5PTASE13  TBL37  ARP5  AT3G45680  RBP-DR1  HAT22  CIPK15  UGT76C2  GLR2.7","3"
"52",0.00421565784726782,44,2169,1.9194439707712,"GO:0009628 Response to abiotic stimulus ","https://amigo.geneontology.org/amigo/term/GO:0009628"," ATAF1  SRC2  UKL3  PP2-A11  AT1G65490  RAV2  MBF1C  AT5G19240  CYP707A3  VOZ1  HYH  ANNAT4  ANNAT3  MAPKKK18  5PTASE13  AT1G62660  AKR4C8  ELIP1  AT4G17250  HAT22  CHIA  MAMI  XTH6  ZF1  NIA2  GCR1  CDSP32  PAL1  SOUL-1  CYT1  AT3G05500  RCI2B  NHX4  FAD7  ITN1  NCED3  CIPK1  BBX32  AT3G45680  TT5  RBP-DR1  UGT76C2  FTIP1  TT4","3"
"53",0.00628347933573337,41,2049,1.89332083141125,"GO:0007154 Cell communication ","https://amigo.geneontology.org/amigo/term/GO:0007154"," GCR1  RHM1  CIPK1  HYH  MPK5  AT4G14020  CIPK15  WNK4  RALFL34  MAPKKK18  MYB77  ARR7  VOZ1  ERF8  AT1G62660  RAV2  AT1G72890  ERF13  AT3G05320  SRS6  AT4G02420  PAP2  AT4G39780  PR5K  AT5G47710  AT5G48770  ZF1  CHIA  ATAF1  5PTASE13  SGA2  TBL37  SOUL-1  ARP5  BBX32  RBP-DR1  HAT22  UGT76C2  CLE43  GLR2.7  MBF1C","3"
"54",0.00863320248837786,40,2023,1.87088211594066,"GO:0023052 Signaling ","https://amigo.geneontology.org/amigo/term/GO:0023052"," GCR1  RHM1  CIPK1  HYH  MPK5  AT4G14020  CIPK15  WNK4  RALFL34  MAPKKK18  MYB77  ARR7  VOZ1  ERF8  AT1G62660  RAV2  AT1G72890  ERF13  SRS6  AT4G02420  PAP2  AT4G39780  PR5K  AT5G47710  AT5G48770  ZF1  CHIA  ATAF1  5PTASE13  SGA2  TBL37  SOUL-1  ARP5  BBX32  RBP-DR1  HAT22  UGT76C2  CLE43  GLR2.7  MBF1C","3"
"55",0.0100787555292227,39,1980,1.86372457451225,"GO:0007165 Signal transduction ","https://amigo.geneontology.org/amigo/term/GO:0007165"," GCR1  RHM1  CIPK1  HYH  MPK5  AT4G14020  CIPK15  WNK4  RALFL34  MAPKKK18  MYB77  ARR7  VOZ1  ERF8  AT1G62660  RAV2  AT1G72890  ERF13  SRS6  AT4G02420  PAP2  AT4G39780  PR5K  AT5G47710  AT5G48770  ZF1  CHIA  ATAF1  5PTASE13  SGA2  TBL37  SOUL-1  ARP5  BBX32  RBP-DR1  HAT22  UGT76C2  GLR2.7  MBF1C","3"
"56",0.00863320248837786,57,3266,1.65135707035543,"GO:0051716 Cellular response to stimulus ","https://amigo.geneontology.org/amigo/term/GO:0051716"," ATAF1  SRC2  UKL3  PP2-A11  AT1G65490  RAV2  MBF1C  AT5G19240  CYP707A3  GCR1  AT1G69480  RHM1  AT2G03240  ATG8H  CIPK1  HYH  NRT2.6  MPK5  AT4G14020  CIPK15  WNK4  RALFL34  MAPKKK18  MYB77  ARR7  VOZ1  ERF8  AT1G62660  AT1G72890  ERF13  ARP5  GR1  SRS6  AT4G02420  MTM1  PAP2  AT4G39780  PR5K  AT5G47710  AT5G48770  ZF1  ACO2  ELIP1  SQD2  CHIA  AT1G07500  AT3G07700  5PTASE13  SGA2  TBL37  SOUL-1  BBX32  AT3G45680  RBP-DR1  HAT22  UGT76C2  GLR2.7","3"
"57",0.00954706058431466,65,3912,1.57216030058548,"GO:0006950 Response to stress ","https://amigo.geneontology.org/amigo/term/GO:0006950"," ATAF1  SRC2  UKL3  PP2-A11  AT1G65490  RAV2  MBF1C  AT5G19240  CYP707A3  AT1G69480  AT2G03240  ATG8H  AT3G07700  AT4G02420  NIA2  LOX1  AT1G58848  AT1G61300  ACO2  AT1G72890  ANNAT4  ANNAT3  ERF13  ARP5  RBP-DR1  LCR11  MTM1  AT5G48770  MAPKKK18  5PTASE13  JMT  VOZ1  ILL5  AT1G62660  AT1G66760  CK1  PAL1  AKR4C8  CYT1  ELIP1  FAMT  PAL2  AT4G17250  WRKY20  HAT22  SQD2  TT4  CHIA  MAMI  AT5G56980  XTH6  ZF1  AT1G07500  SGA2  CDSP32  AT2G24550  AT3G05500  RCI2B  NHX4  FAD7  ITN1  NCED3  CIPK1  AT3G45680  UGT76C2","3"
"58",0.00776837401969328,3,4,28.7802083333333,"GO:0015939 Pantothenate metabolic proc. ","https://amigo.geneontology.org/amigo/term/GO:0015939"," KPHMT1  PANB2  PANC","5"
"59",0.00776837401969328,3,4,28.7802083333333,"GO:0015940 Pantothenate biosynthetic proc. ","https://amigo.geneontology.org/amigo/term/GO:0015940"," KPHMT1  PANB2  PANC","5"
"60",0.000277092589939338,6,14,16.4458333333333,"GO:0042793 Plastid transcription ","https://amigo.geneontology.org/amigo/term/GO:0042793"," FLN2  PTAC12  FLN1  PTAC14  PTAC2  RFC3","5"
"61",7.19000803466672e-06,8,19,16.1573099415205,"GO:0005977 Glycogen metabolic proc. ","https://amigo.geneontology.org/amigo/term/GO:0005977"," UGP1  PHS1  PHS2  APL2  SBE2.1  DPE2  EMB2729  ISA3","5"
"62",7.19000803466672e-06,8,19,16.1573099415205,"GO:0006112 Energy reserve metabolic proc. ","https://amigo.geneontology.org/amigo/term/GO:0006112"," UGP1  PHS1  PHS2  APL2  SBE2.1  DPE2  EMB2729  ISA3","5"
"63",0.0123922032202134,4,11,13.9540404040404,"GO:0045912 Neg. reg. of carbohydrate metabolic proc. ","https://amigo.geneontology.org/amigo/term/GO:0045912"," CP12-1  CP12-2  FKF1  RIF10","5"
"64",0.00810056043103276,5,18,10.6593364197531,"GO:0005983 Starch catabolic proc. ","https://amigo.geneontology.org/amigo/term/GO:0005983"," SEX4  CT-BMY  ISA3  SEX1  DPE2","5"
"65",0.00103402322000515,7,27,9.94871399176955,"GO:0042398 Cellular modified amino acid biosynthetic proc. ","https://amigo.geneontology.org/amigo/term/GO:0042398"," KPHMT1  DFC  DFD  PANB2  PANC  AT4G29890  FOLB2","5"
"66",0.00659196582023927,8,51,6.01938997821351,"GO:0006353 Dna-templated transcription termination ","https://amigo.geneontology.org/amigo/term/GO:0006353"," PTAC15  AT1G61970  AT1G62120  AT1G78930  EMB2219  EMB3114  pde191  AT5G07900","5"
"67",0.00098269109429394,11,74,5.70418543543544,"GO:0005982 Starch metabolic proc. ","https://amigo.geneontology.org/amigo/term/GO:0005982"," SBE2.1  SEX4  CT-BMY  APL2  EMB2729  ISA3  SEX1  IDD14  SUS2  PGM  DPE2","5"
"68",6.13499001300654e-05,23,245,3.60242063492063,"GO:0009658 Chloroplast organization ","https://amigo.geneontology.org/amigo/term/GO:0009658"," AT1G61970  AT1G62120  FLN2  EMB3114  FLN1  PTAC14  MRL7  pde191  AT5G07900  PTAC15  AT5G09315  AT3G23020  EMB3103  ECB2  AT2G24060  PrfB3  RRF  DJ1C  EMB2730  emb1211  emb1138  AT5G48470  emb2746","5"
"69",7.19000803466672e-06,29,319,3.4885101010101,"GO:0009657 Plastid organization ","https://amigo.geneontology.org/amigo/term/GO:0009657"," AT1G61970  AT1G62120  FLN2  PSB29  EMB3114  SVR1  FLN1  RRF  PTAC14  MRL7  pde191  AT5G07900  PTAC15  AT5G09315  AT3G23020  EMB3103  ECB2  PDE338  AT2G24060  EMB3113  PrfB3  DJ1C  EMB2730  emb1211  emb1138  HCF109  AT5G48470  emb2746  SCY1","5"
"70",0.00103402322000515,28,412,2.60791531823085,"GO:0009793 Embryo development ending in seed dormancy ","https://amigo.geneontology.org/amigo/term/GO:0009793"," FTSH12  PXY  SMO2-1  ABCG14  AT1G33265  emb2394  CVP2  SECA2  PIN7  AT1G60160  AT2G01210  MEE11  RPA  EMB2654  PPR2  EMB3120  RFC3  EMB1270  SWEET11  EMB2261  RRF  MEE47  MEE51  EMB175  SMT1  emb1211  PANC  emb2746","5"
"71",0.0138734009974101,19,281,2.5946569790431,"GO:0015979 Photosynthesis ","https://amigo.geneontology.org/amigo/term/GO:0015979"," CP12-1  PnsL3  CP12-2  MEE51  PTAC15  ALB1  FNR2  PSAE-2  PSB29  PAM68  AT5G44660  NDF5  ABC4  AT1G64150  CS26  PnsB3  RFC3  PDE327  HDA14","5"
"72",0.00118043159742948,29,441,2.52343474426808,"GO:0009790 Embryo development ","https://amigo.geneontology.org/amigo/term/GO:0009790"," FTSH12  AT5G04810  PXY  SMO2-1  ABCG14  AT1G33265  emb2394  CVP2  SECA2  PIN7  AT1G60160  AT2G01210  MEE11  RPA  EMB2654  PPR2  EMB3120  RFC3  EMB1270  SWEET11  EMB2261  RRF  MEE47  MEE51  EMB175  SMT1  emb1211  PANC  emb2746","5"
"73",0.006216326732397,36,668,2.06803892215569,"GO:0010154 Fruit development ","https://amigo.geneontology.org/amigo/term/GO:0010154"," FTSH12  PXY  ACS7  SMO2-1  ABCG14  AT1G33265  GID1A  GID1C  emb2394  CVP2  MYB47  SECA2  PIN7  SEP3  AT1G60160  AT2G01210  MEE11  RPA  EMB2654  PPR2  EMB3120  RFC3  EMB1270  SWEET11  EMB2261  RRF  AT3G63210  MEE47  MEE51  EMB175  SMT1  emb1211  PANC  SUS2  TIL  emb2746","5"
"74",0.0123922032202134,33,629,2.01324191838898,"GO:0048316 Seed development ","https://amigo.geneontology.org/amigo/term/GO:0048316"," FTSH12  PXY  SMO2-1  ABCG14  AT1G33265  emb2394  CVP2  MYB47  SECA2  PIN7  SEP3  AT1G60160  AT2G01210  MEE11  RPA  EMB2654  PPR2  EMB3120  RFC3  EMB1270  SWEET11  EMB2261  RRF  AT3G63210  MEE47  MEE51  EMB175  SMT1  emb1211  PANC  SUS2  TIL  emb2746","5"
"75",0.00659196582023927,135,3742,1.384403393907,"GO:0016070 Rna metabolic proc. ","https://amigo.geneontology.org/amigo/term/GO:0016070"," PDE247  AT1G07050  UGE1  ECB2  AT1G22490  SEP3  emb2191  FLN2  AT1G71460  PDE338  AT2G02750  SLO1  SCA3  SYCO ARATH  RAP  PTAC12  AT2G37220  SVR1  BHLH100  AGL20  RIF10  AT3G09160  BSH  AT3G20640  CP33  AT3G53360  FLN1  bHLH38  EMB3126  AT4G00870  GBF2  PTAC14  AT4G21770  AT4G22760  MRL7  HDA14  BRCA2B  SLG1  AT5G15025  AT5G19210  IPT9  emb1138  AT5G37570  PAB3  AT1G62910  FKF1  AT2G17975  AS1  FHY1  BET10  SIGC  RAD51  PTAC15  PHYA  MYB47  AT1G28310  AT1G45110  ABF1  bHLH115  NAC1  AT1G61970  AT1G62120  AT1G67780  ATWHY2  AT1G78930  WHY3  EMB2219  GRF1  ETT  EMB3114  SIGF  AT2G42040  PIF4  CRR4  HDG8  AT3G04160  AT3G07860  PTAC13  NAC057  EMB1865  AT3G27180  AT3G48830  MYB45  AT3G49000  GATA4  AT4G12750  UNE16  NRPE7  NAC071  VAL3  3xHMG-box2  CBF2  pde191  AT4G38340  EMB2730  AT5G07900  AT5G08600  AT5G09315  AT5G10800  SIG4  NAC084  NRPC2  AT5G48470  AT5G58900  AT5G63190  emb2746  AT5G65130  JASON  AT3G23020  EMB3103  PTAC2  EMB3113  EMB2654  AT3G14330  RFC3  EMB1270  AT3G23700  MYB94  PrfB3  MRL1  AT5G04810  HCF109  AT5G66470  IDD14  AT1G69580  YAB5  AT2G35430  ARP  SPL9  AT3G10470  AT3G49930  MEE47  AT5G05550  RVE2  AT5G60470","5"
"76",0.00459216055826813,152,4266,1.36727353232276,"GO:0090304 Nucleic acid metabolic proc. ","https://amigo.geneontology.org/amigo/term/GO:0090304"," PDE247  AT1G06760  AT1G07050  UGE1  ECB2  AT1G19750  AT1G22490  SEP3  emb2191  FLN2  AT1G71460  PDE338  AT2G02750  HIS1-3  SLO1  SCA3  TIL2  AT2G30620  SYCO ARATH  RAP  PTAC12  AT2G37220  SVR1  BHLH100  ARP  AGL20  RIF10  AT3G09160  BSH  AT3G20640  CP33  AT3G53360  FLN1  bHLH38  EMB3126  AT4G00870  GBF2  PTAC14  AT4G21770  AT4G22760  SRS2  MRL7  HDA14  BRCA2B  SLG1  AT5G15025  AT5G19210  IPT9  RAD51  emb1138  AT5G37570  AT5G52950  TOP3A  WHY3  PAB3  AT1G62910  FKF1  AT2G17975  CKS1  AS1  FHY1  BET10  SIGC  PTAC15  PHYA  MYB47  AT1G28310  AT1G45110  ABF1  bHLH115  AT1G51355  NAC1  AT1G61970  AT1G62120  AT1G65070  AT1G67780  ATWHY2  AT1G78930  ORC4  EMB2219  GRF1  ETT  EMB3114  SIGF  AT2G42040  PIF4  CRR4  HDG8  AT3G04160  AT3G07860  PTAC13  NAC057  EMB1865  AT3G24255  AT3G27180  AT3G48830  AT3G48900  MYB45  AT3G49000  AT3G52390  GATA4  AT4G12750  UNE16  NRPE7  NAC071  VAL3  3xHMG-box2  CBF2  pde191  AT4G38340  EMB2730  AT5G07900  AT5G08600  AT5G09315  AT5G10800  SIG4  NAC084  NRPC2  AT5G48470  AT5G49110  AT5G58900  AT5G63190  emb2746  AT5G65130  JASON  AT3G23020  EMB3103  PTAC2  EMB3113  EMB2654  AT3G14330  RFC3  EMB1270  AT3G23700  MYB94  PrfB3  CCS52A2  MRL1  AT5G04810  HCF109  AT5G66470  IDD14  AT1G69580  YAB5  AT2G35430  SPL9  AT3G10470  AT3G49930  MEE47  AT5G05550  RVE2  AT5G60470","5"
"77",0.00659196582023927,163,4700,1.33082949172577,"GO:0006139 Nucleobase-containing compound metabolic proc. ","https://amigo.geneontology.org/amigo/term/GO:0006139"," PDE247  AT1G06760  AT1G07050  UGE1  ECB2  AT1G19750  AT1G22490  SEP3  AT1G31910  emb2191  FLN2  AT1G71460  PDE338  AT2G02750  HIS1-3  SLO1  SCA3  TIL2  AT2G30620  SYCO ARATH  RAP  PTAC12  AT2G37220  SVR1  BHLH100  ARP  AGL20  UGP1  RIF10  AT3G09160  BSH  AT3G20640  CP33  AT3G53360  FLN1  bHLH38  EMB3126  AT4G00870  GBF2  PTAC14  AT4G21770  AT4G22760  SRS2  FBA5  MRL7  HDA14  DJ1C  BRCA2B  SLG1  AT5G08570  AT5G15025  GNA1  AT5G19210  IPT9  RAD51  emb1138  AT5G37570  c-NAD-MDH2  AT5G52950  TOP3A  atp9  WHY3  PAB3  AT1G62910  FKF1  AT2G17975  CKS1  AS1  FHY1  BET10  SIGC  PTAC15  PHYA  MYB47  AT1G28310  AT1G45110  ABF1  bHLH115  AT1G51355  NAC1  AT1G61970  AT1G62120  AT1G65070  AT1G67780  ATWHY2  AT1G78930  ORC4  NDB4  EMB2219  GRF1  ETT  EMB3114  SIGF  AT2G42040  PIF4  CRR4  HDG8  AT3G04160  AT3G07860  PTAC13  NAC057  EMB1865  AT3G24255  AT3G27180  AT3G48830  AT3G48900  MYB45  AT3G49000  AT3G52390  GATA4  MEE51  AT4G12750  UNE16  NRPE7  NAC071  VAL3  3xHMG-box2  CBF2  pde191  AT4G38340  EMB2730  AT5G07900  AT5G08600  AT5G09315  AT5G10800  SIG4  NAC084  NRPC2  AT5G48470  AT5G49110  AT5G58900  AT5G63190  emb2746  AT5G65130  JASON  AT3G23020  EMB3103  PTAC2  EMB3113  EMB2654  AT3G14330  RFC3  EMB1270  AT3G23700  MYB94  PrfB3  CCS52A2  MRL1  XDH2  AT5G04810  HCF109  AT5G66470  IDD14  AT1G69580  YAB5  AT2G35430  SPL9  AT3G10470  AT3G49930  MEE47  AT5G05550  RVE2  AT5G60470","5"
"78",1.79795537044358e-06,10,23,11.0715287517532,"GO:0009768 Photosynthesis light harvesting in photosystem i ","https://amigo.geneontology.org/amigo/term/GO:0009768"," LHCA3  AT1G76570  LHCB2.2  LHCB2.1  LHCB4.2  LHCA1  LHCA2  LHCB5  LHCB4.1  PSAO","6"
"79",1.29118792262373e-09,15,37,10.3234524847428,"GO:0009765 Photosynthesis light harvesting ","https://amigo.geneontology.org/amigo/term/GO:0009765"," LHCA3  LQY1  AT1G76570  LHCB2.2  LHCB2.1  LHCB4.2  LHCA1  LHCA2  LHCB5  LHCB4.1  PSAO  DEG2  PSB27  DEG5  SEP2","6"
"80",4.29506353574604e-06,14,55,6.48187683284457,"GO:0009767 Photosynthetic electron transport chain ","https://amigo.geneontology.org/amigo/term/GO:0009767"," PnsL2  PQL3  PGR5-LIKE A  PnsB1  NdhS  PSAO  PnsB2  PSBY  FAD5  PSBO2  PAA2  FRO7  PSBO1  NdhL","6"
"81",8.84620975251427e-17,37,148,6.36612903225806,"GO:0019684 Photosynthesis light reaction ","https://amigo.geneontology.org/amigo/term/GO:0019684"," PSB27  PnsL2  LHCA3  LQY1  AT1G76570  PQL3  LHCB2.2  LHCB2.1  PSBW  LHCB4.2  LHCA1  LHCA2  LHCB5  PGR5-LIKE A  LHCB4.1  PSAO  DEG2  PSBO1  PnsB1  PSBO2  NdhS  PSBR  PnsB2  PSBY  FAD5  PPD1  DEG5  NFU3  STN8  OHP  AT5G08720  PAA2  FRO7  SEP2  PSBP-1  NdhL  DGD1","6"
"82",0.000238532958985302,11,48,5.83561827956989,"GO:0016144 S-glycoside biosynthetic proc. ","https://amigo.geneontology.org/amigo/term/GO:0016144"," CYP79F1  SOT18  CYP83A1  MAM1  ATSDI1  FMO GS-OX3  FMO GS-OX1  BAT5  MYB29  MYB76  MYB28","6"
"83",0.000238532958985302,11,48,5.83561827956989,"GO:0019761 Glucosinolate biosynthetic proc. ","https://amigo.geneontology.org/amigo/term/GO:0019761"," CYP79F1  SOT18  CYP83A1  MAM1  ATSDI1  FMO GS-OX3  FMO GS-OX1  BAT5  MYB29  MYB76  MYB28","6"
"84",7.09540092771021e-20,55,281,4.98415796119848,"GO:0015979 Photosynthesis ","https://amigo.geneontology.org/amigo/term/GO:0015979"," PSB27  PnsL2  LHCA3  LQY1  AT1G76570  PQL3  LHCB2.2  LHCB2.1  PSBW  LHCB4.2  LHCA1  LHCA2  LHCB5  PGR5-LIKE A  LHCB4.1  PSAO  DEG2  PSBO1  PSBP-1  PnsB1  PRK  NPQ4  PSBY  AT1G74470  PSBR  PSBX  SEP2  PSBP-2  PnsL1  AT3G05410  PPC3  PSBTN  GAPA  PSBO2  CRD1  PPD1  LIL3:1  NdhS  PSB28  PSAE-1  OHP  HCF136  LIL3:2  KEA3  FBP  PnsB2  FAD5  DEG5  NFU3  STN8  AT5G08720  PAA2  FRO7  NdhL  DGD1","6"
"85",0.000383500871967229,19,143,3.38339724791338,"GO:0009642 Response to light intensity ","https://amigo.geneontology.org/amigo/term/GO:0009642"," MYB29  SEP2  LHCA3  LHCB2.2  LHCB2.1  XTH4  ETFQO  LHCA1  LHCA2  OHP  AT5G47390  TRXF2  PSB27  PSBY  IAA20  FAD5  PSBO2  KEA3  PSBO1","6"
"86",0.000266269661814127,22,179,3.12971706613804,"GO:0044272 Sulfur compound biosynthetic proc. ","https://amigo.geneontology.org/amigo/term/GO:0044272"," CYP79F1  AT1G72810  BIO2  MS2  SQD1  DES1  BIO1  SOT18  UGP3  CYP83A1  MAM1  AK-HSDH I  ATSERAT3;1  APK3  SERAT3;2  ATSDI1  FMO GS-OX3  FMO GS-OX1  BAT5  MYB29  MYB76  MYB28","6"
"87",3.81119910848659e-06,32,262,3.11016990888944,"GO:0009734 Auxin-activated signaling pathway ","https://amigo.geneontology.org/amigo/term/GO:0009734"," PIN1  AT3G22810  PIN5  AT5G43870  TIR1  AT2G44830  SHY2  IAA5  AT1G29430  AT1G29450  AT1G29500  AT1G54200  LAX2  AUX1  MAX2  IAA20  SAUR29  IAA7  ARF18  IAA30  IAA1  IAA11  AT4G34760  SAUR15  SAUR20  SAUR24  ARF8  ATAUX2-11  ARF4  BRL2  HLS1  NDPK2","6"
"88",1.36369268936942e-05,32,279,2.92066134813273,"GO:0071365 Cellular response to auxin stimulus ","https://amigo.geneontology.org/amigo/term/GO:0071365"," PIN1  AT3G22810  PIN5  AT5G43870  TIR1  AT2G44830  SHY2  IAA5  AT1G29430  AT1G29450  AT1G29500  AT1G54200  LAX2  AUX1  MAX2  IAA20  SAUR29  IAA7  ARF18  IAA30  IAA1  IAA11  AT4G34760  SAUR15  SAUR20  SAUR24  ARF8  ATAUX2-11  ARF4  BRL2  HLS1  NDPK2","6"
"89",0.000222642144795275,27,245,2.80629361421988,"GO:0009658 Chloroplast organization ","https://amigo.geneontology.org/amigo/term/GO:0009658"," PMI2  AT2G40480  AT4G18570  PMI1  EMB3123  KEA3  RABE1b  STY17  AT1G44000  SCO1  AT1G64500  JAC1  AT2G26840  MIZ1  DEG2  SCO3  ARC5  CRD1  AT4G34090  AT5G13770  CLPB3  AT5G42310  GLK2  CDF1  AT5G67385  CSP41A  PHOT2","6"
"90",4.22024803586668e-08,52,493,2.68591245174377,"GO:0006091 Generation of precursor metabolites and energy ","https://amigo.geneontology.org/amigo/term/GO:0006091"," PSB27  PnsL2  LHCA3  LQY1  AT1G76570  PQL3  LHCB2.2  LHCB2.1  HXK2  FBA1  PSBW  ETFQO  LHCB4.2  PGL2  LHCA1  LHCA2  LHCB5  PGR5-LIKE A  FBA2  LHCB4.1  G6PD1  PSAO  DEG2  PSBO1  DBE1  PnsB1  AT1G22170  AT1G72230  AT2G42750  PPC3  PSBO2  ENODL19  NdhS  APL3  SBE2.2  PMDH2  PSBR  PnsB2  PSBY  FAD5  PPD1  DEG5  NFU3  STN8  OHP  AT5G08720  PAA2  FRO7  SEP2  PSBP-1  NdhL  DGD1","6"
"91",0.000216105443350737,32,319,2.55443421984023,"GO:0009657 Plastid organization ","https://amigo.geneontology.org/amigo/term/GO:0009657"," PMI2  AT2G40480  AT4G18570  PMI1  EMB3123  KEA3  RABE1b  STY17  AT1G31410  AT1G44000  NPQ4  SCO1  AT1G64500  JAC1  AT2G26840  MIZ1  DEG2  HCF107  SCO3  ARC5  CRD1  CSP41A  AT4G34090  AT5G13770  CLPB3  HCF136  AT5G42310  GLK2  RPL24  CDF1  AT5G67385  PHOT2","6"
"92",5.03028435042334e-11,77,772,2.53985458799933,"GO:0009416 Response to light stimulus ","https://amigo.geneontology.org/amigo/term/GO:0009416"," STO  LHCA3  AT1G76570  LHCB2.2  LHCB2.1  BBX18  AFR  STH  LHCB4.2  LHCA1  LHCA2  LHCB5  LHCB4.1  FLS1  DDB2  PIL5  ATH1  MYB29  TZP  PKS2  AT1G18810  SPA4  SEP2  SPA3  AT3G52740  CaS  PHOT2  ACR11  AT1G51400  AT1G66180  HPR  XTH4  KCS11  CYP707A2  RCA  AT2G42690  ETFQO  HCF107  GAPA  GATA7  AT4G38860  OHP  SBE2.2  AT5G47390  MYB111  FRO6  ABA1  CCA1  TRXF2  PSB27  ERD9  KDR  PMI1  NPQ4  FBH3  PMI2  PSBY  JAC1  MAX2  AT2G44830  PRR9  IAA20  AT3G09190  RVE8  FAD5  WNK2  AT3G44610  PSBO2  KEA3  KAI2  HLS1  HB16  SGS3  NF-YB2  NDPK2  PSBO1  PIN1","6"
"93",1.71725941460561e-10,77,795,2.46637451815784,"GO:0009314 Response to radiation ","https://amigo.geneontology.org/amigo/term/GO:0009314"," STO  LHCA3  AT1G76570  LHCB2.2  LHCB2.1  BBX18  AFR  STH  LHCB4.2  LHCA1  LHCA2  LHCB5  LHCB4.1  FLS1  DDB2  PIL5  ATH1  MYB29  TZP  PKS2  AT1G18810  SPA4  SEP2  SPA3  AT3G52740  CaS  PHOT2  ACR11  AT1G51400  AT1G66180  HPR  XTH4  KCS11  CYP707A2  RCA  AT2G42690  ETFQO  HCF107  GAPA  GATA7  AT4G38860  OHP  SBE2.2  AT5G47390  MYB111  FRO6  ABA1  CCA1  TRXF2  PSB27  ERD9  KDR  PMI1  NPQ4  FBH3  PMI2  PSBY  JAC1  MAX2  AT2G44830  PRR9  IAA20  AT3G09190  RVE8  FAD5  WNK2  AT3G44610  PSBO2  KEA3  KAI2  HLS1  HB16  SGS3  NF-YB2  NDPK2  PSBO1  PIN1","6"
"94",0.000238532958985302,40,453,2.24852239549954,"GO:0009733 Response to auxin ","https://amigo.geneontology.org/amigo/term/GO:0009733"," PIN1  AT3G22810  PIN5  AT5G43870  AT5G47390  TIR1  AT2G44830  SHY2  IAA5  AT1G29430  AT1G29450  AT1G29500  AT1G54200  LAX2  AT2G21210  AUX1  MAX2  IAA20  SAUR29  IAA7  ARF18  IAA30  IAA1  IAA11  AT4G34760  AT4G38840  SAUR15  AT4G38860  SAUR20  SAUR24  ARF8  ATAUX2-11  ARF4  XTH4  AIR9  FLS1  RGF9  BRL2  HLS1  NDPK2","6"
"95",6.05475635656405e-05,59,746,2.01394966704143,"GO:0044283 Small molecule biosynthetic proc. ","https://amigo.geneontology.org/amigo/term/GO:0044283"," AT1G19140  AK-HSDH I  FBP  GSR2  AT1G72810  SPS1  AT2G02765  AGT  APG10  BIO2  AK3  MS2  LYC  AT4G02610  PAS2  AT5G10920  AT5G15070  MAM1  DES1  LUT2  BIO1  RIBA3  ASN2  LIL3:1  CER2  LIL3:2  PLR1  PKT4  MIOX1  AT1G22170  BDG1  AT1G74470  APT2  MOD1  ATSERAT3;1  AT2G22230  KCS11  KAO2  P5CS1  SSI2  VTC4  APK3  FAD5  FaTA  AAO2  BCAT3  MES10  P5CS2  AT4G30000  SERAT3;2  ABA1  PIL5  DGD1  AT3G56130  FADA  ATH1  HB25  FBA1  FBA2","6"
"96",0.000386216863809584,76,1136,1.70361199454793,"GO:0006082 Organic acid metabolic proc. ","https://amigo.geneontology.org/amigo/term/GO:0006082"," PKT4  GLX1  AT1G11860  CYP79F1  AK-HSDH I  GSR2  AT1G72810  AT2G02765  AGT  HXK2  FBA1  GDCH  APG10  BIO2  SSI2  AK3  MS2  AT3G05190  MES10  AT4G02610  HCD1  AT4G25600  FBA2  PAS2  AT5G10920  MAM1  DES1  AACT1  BIO1  ASN2  ESP  SOT18  CYP83A1  CER2  MIOX1  AT1G22170  LACS2  BDG1  AT1G68570  MOD1  ATSERAT3;1  AT2G22230  KCS11  CYP707A2  KAO2  P5CS1  APK3  FAD5  FaTA  AAO2  BCAT3  P5CS2  FADA  AT4G30000  SERAT3;2  PMDH2  ABA1  ATSDI1  FMO GS-OX3  FMO GS-OX1  ZFP4  AT1G76880  PIL5  ETFQO  VTC4  DGD1  ABF4  AT3G48460  AT3G56130  BAT5  ATH1  MYB29  MYB76  MYB28  HB25  HPL1","6"
"97",0.00014026335374785,130,2169,1.52622733830069,"GO:0009628 Response to abiotic stimulus ","https://amigo.geneontology.org/amigo/term/GO:0009628"," AT1G66180  AT3G22550  MES10  SPX1  STO  LHCA3  AT1G76570  LHCB2.2  LHCB2.1  BBX18  AFR  STH  PIP1B  RGL2  LHCB4.2  LHCA1  PIP1A  LHCA2  LHCB5  AT4G21870  PIP1;5  KAI2  LHCB4.1  FLS1  MSL10  CLPB3  DDB2  NDL3  PIL5  NF-YB3  ATH1  MYB29  TZP  PKS2  AT1G18810  SPA4  SEP2  SPA3  ASPG1  AT3G52740  SPX4  CaS  PHOT2  ANNAT2  BT3  CYP71B2  ACR11  PRK  AT1G51400  GolS2  BDG1  HPR  XTH4  KCS11  CYP707A2  RCA  P5CS1  AT2G42690  ETFQO  SAUR29  HCF107  ABF4  GAPA  PIP2A  AGL24  ABF3  GATA7  AT4G38840  AT4G38860  OHP  SBE2.2  2-Cys Prx B  MYB76  TUB6  MAM1  SGS3  HK2  AT5G47390  NF-YB2  MYB111  FRO6  ABA1  SNRK2-8  MAX2  CCA1  TRXF2  PSB27  ERD9  QSOX1  KDR  PMI1  NPQ4  FBH3  PMI2  PSBY  PIN1  JAC1  TAPX  PQL3  AUX1  CYSA  AT2G44830  PRR9  IAA20  VTC4  AT3G09190  RVE8  DGD1  FAD5  WNK2  IAA7  AT3G44610  PSBO2  AT3G61950  IAA30  CBL5  KEA3  EARLI1  CBL10  MCA1  HLS1  PLAT1  HB16  SVR3  FTSH11  NDPK2  RGF9  ASN2  WAVH2  PSBO1","6"
